{"metadata":{"version":4.3,"type":"Object","generator":"ObjectExporter"},"geometries":[{"uuid":"bcfbdf13-e7d2-4f11-ab39-b8127f91a145","type":"Geometry","data":{"vertices":[0.5,0.5,0.5,0.5,0.5,-0.5,0.5,-0.5,0.5,0.5,-0.5,-0.5,-0.5,0.5,-0.5,-0.5,0.5,0.5,-0.5,-0.5,-0.5,-0.5,-0.5,0.5],"normals":[1,0,0,-1,0,0,0,1,0,0,-1,0,0,0,1,0,0,-1],"uvs":[[0,1,0,0,1,0,1,1]],"faces":[56,0,2,3,0,1,2,0,0,0,0,56,0,3,1,0,2,3,0,0,0,0,56,4,6,7,0,1,2,1,1,1,1,56,4,7,5,0,2,3,1,1,1,1,56,4,5,0,0,1,2,2,2,2,2,56,4,0,1,0,2,3,2,2,2,2,56,7,6,3,0,1,2,3,3,3,3,56,7,3,2,0,2,3,3,3,3,3,56,5,7,2,0,1,2,4,4,4,4,56,5,2,0,0,2,3,4,4,4,4,56,1,3,6,0,1,2,5,5,5,5,56,1,6,4,0,2,3,5,5,5,5]}},{"uuid":"3ab68d6f-9373-45c6-a445-8ed55e6f2193","type":"Geometry","data":{"vertices":[0.5,0.5,0.5,0.5,0.5,-0.5,0.5,-0.5,0.5,0.5,-0.5,-0.5,-0.5,0.5,-0.5,-0.5,0.5,0.5,-0.5,-0.5,-0.5,-0.5,-0.5,0.5],"normals":[1,0,0,-1,0,0,0,1,0,0,-1,0,0,0,1,0,0,-1],"uvs":[[0,1,0,0,1,0,1,1]],"faces":[56,0,2,3,0,1,2,0,0,0,0,56,0,3,1,0,2,3,0,0,0,0,56,4,6,7,0,1,2,1,1,1,1,56,4,7,5,0,2,3,1,1,1,1,56,4,5,0,0,1,2,2,2,2,2,56,4,0,1,0,2,3,2,2,2,2,56,7,6,3,0,1,2,3,3,3,3,56,7,3,2,0,2,3,3,3,3,3,56,5,7,2,0,1,2,4,4,4,4,56,5,2,0,0,2,3,4,4,4,4,56,1,3,6,0,1,2,5,5,5,5,56,1,6,4,0,2,3,5,5,5,5]}},{"uuid":"70068417-8c85-4d4c-b858-c68bd8f89a15","type":"Geometry","data":{"vertices":[],"normals":[],"faces":[]}},{"uuid":"d3bfd403-0ee8-41df-8c69-01e91f0f49da","type":"Geometry","data":{"vertices":[],"normals":[],"faces":[]}},{"uuid":"09550fed-9069-49de-a8d9-d4a8b3449c46","type":"Geometry","data":{"vertices":[],"normals":[],"faces":[]}}],"materials":[{"uuid":"85f07d5a-ed6e-4902-8def-cca55d8d2c31","name":"FloorMat","type":"MeshPhongMaterial","color":11184810,"ambient":0,"emissive":0,"specular":16777215,"shininess":0.05,"opacity":1,"transparent":false,"wireframe":false,"opacityMap":null,"emissiveMap":null},{"uuid":"4DFDDA87-AA14-45D4-9EFF-B3D3C3A8148D","type":"MeshBasicMaterial","color":14881394,"opacity":1,"transparent":false,"wireframe":false},{"uuid":"82D777AD-F635-4ED0-A11B-FEDE665D667E","type":"MeshBasicMaterial","color":2765133,"opacity":1,"transparent":false,"wireframe":false},{"uuid":"172699DC-D5D8-4AA8-8D7F-16C14B245E6A","type":"MeshBasicMaterial","color":3077909,"opacity":1,"transparent":false,"wireframe":false}],"object":{"uuid":"F888D219-36C6-40CD-966A-22AF7B23AB1A","type":"Scene","matrix":[1,0,0,0,0,1,0,0,0,0,1,0,0,0,0,1],"children":[{"uuid":"e9df5733-fa3f-4d90-a993-d4606f50b5db","name":"Floor","type":"Mesh","geometry":"bcfbdf13-e7d2-4f11-ab39-b8127f91a145","material":"85f07d5a-ed6e-4902-8def-cca55d8d2c31","castShadow":false,"receiveShadow":true,"matrix":[100,0,0,0,0,0.4000000059604645,0,0,0,0,100,0,0,0,0,1]},{"uuid":"1a0055cd-20d4-4e6b-9f28-1ecfe373eb45","name":"Box","type":"Mesh","geometry":"3ab68d6f-9373-45c6-a445-8ed55e6f2193","material":"85f07d5a-ed6e-4902-8def-cca55d8d2c31","castShadow":true,"receiveShadow":true,"matrix":[10,0,0,0,0,0.9858328700065613,0.1677306443452835,0,0,-1.6773065328598022,9.858328819274902,0,0,0.020600000396370888,0,1]},{"uuid":"8a02f358-10e9-4a99-a142-7eea1413cb1a","name":"LightPreset","visible":false,"type":"Mesh","geometry":"70068417-8c85-4d4c-b858-c68bd8f89a15","material":"4DFDDA87-AA14-45D4-9EFF-B3D3C3A8148D","castShadow":false,"receiveShadow":false,"matrix":[1,0,0,0,0,1,0,0,0,0,1,0,0,0.020600000396370888,0,1],"children":[{"uuid":"6a14fad5-ad59-4566-9dad-b08b4953fa53","name":"BackLight","type":"DirectionalLight","color":7838134,"intensity":0.75,"castShadow":true,"shadowBias":0,"shadowDarkness":0.1,"shadowCameraNear":500,"shadowCameraFar":2000,"shadowMapWidth":1024,"shadowMapHeight":1024,"shadowCameraLeft":-86.6025,"shadowCameraRight":86.6025,"shadowCameraTop":86.6025,"shadowCameraBottom":-86.6025,"matrix":[-0.11775826662778854,0.794736385345459,0.5954217910766602,0,0.794736385345459,0.4349351227283478,-0.42335033416748047,0,-0.5954217910766602,0.42335036396980286,-0.682823121547699,0,-595.4217529296875,423.350341796875,-682.8231201171875,1]},{"uuid":"b50f00a2-e79f-47e1-93e4-1a6c5288f43d","name":"FillLight","type":"DirectionalLight","color":15062196,"intensity":0.85,"castShadow":true,"shadowBias":0,"shadowDarkness":0.1,"shadowCameraNear":960.6819,"shadowCameraFar":3842.7278,"shadowMapWidth":1024,"shadowMapHeight":1024,"shadowCameraLeft":-86.6025,"shadowCameraRight":86.6025,"shadowCameraTop":86.6025,"shadowCameraBottom":-86.6025,"matrix":[0.3981274366378784,-0.48951199650764465,-0.7758044600486755,0,-0.48951196670532227,0.6018725633621216,-0.6309733986854553,0,0.7758044600486755,0.6309733986854553,9.919908450228831e-9,0,1490.6026611328125,1212.3294677734375,0,1]},{"uuid":"990deeb0-e9c2-41bd-b93a-13675c6b0c87","name":"KeyLight","type":"DirectionalLight","color":16776180,"intensity":1,"castShadow":true,"shadowBias":0,"shadowDarkness":0.1,"shadowCameraNear":500,"shadowCameraFar":2000,"shadowMapWidth":1024,"shadowMapHeight":1024,"shadowCameraLeft":-86.6025,"shadowCameraRight":86.6025,"shadowCameraTop":86.6025,"shadowCameraBottom":-86.6025,"matrix":[0.8176450133323669,0.22988826036453247,0.5278332829475403,0,0.22988823056221008,0.7101882696151733,-0.6654201745986938,0,-0.5278332829475403,0.6654201745986938,0.5278332829475403,0,-527.8333129882812,665.420166015625,527.8333129882812,1]}]},{"uuid":"bacc4a3e-c068-400c-b660-fe7abb822f82","name":"CameraPreset","type":"Mesh","geometry":"d3bfd403-0ee8-41df-8c69-01e91f0f49da","material":"82D777AD-F635-4ED0-A11B-FEDE665D667E","castShadow":false,"receiveShadow":false,"matrix":[1,0,0,0,0,1,0,0,0,0,1,0,0,0.020600000396370888,0,1],"children":[{"uuid":"e051eb76-81cc-4dcc-b9d7-564f6fe06f01","name":"TurnTableCamera","type":"PerspectiveCamera","fov":45,"aspect":1.7778,"near":0.1,"far":50000,"matrix":[0.8660253882408142,-9.664687938837346e-10,0.5,0,0.25,0.8660253882408142,-0.4330126941204071,0,-0.4330126941204071,0.5,0.75,0,-73.93299865722656,85.37046813964844,128.0557098388672,1]}]},{"uuid":"7515d6f2-c71f-4d5a-9d6f-5fdd399a9ddf","name":"GoTarget0","type":"Mesh","geometry":"09550fed-9069-49de-a8d9-d4a8b3449c46","material":"172699DC-D5D8-4AA8-8D7F-16C14B245E6A","castShadow":false,"receiveShadow":false,"matrix":[1,0,0,0,0,1,0,0,0,0,1,0,11,2,-15.009599685668945,1]}]},"images":[],"textures":[]}